35236
35232
287142
287149
55290
195387
68485
261922
61179
241678
131592
17012
61171
61173
127474
260521
304546
260524
37733
173155
135039
82997
46138
311174
177644
279854
194101
191463
322902
322901
191469
260297
182222
286235
286237
286236
286231
198834
247685
195519
80596
286239
293462
166731
142963
166737
166736
184060
259047
309274
309273
124172
153771
309279
81854
101940
330552
107536
328086
107531
214136
10704
203158
46794
46798
247461
261210
31671
313718
60098
313713
212824
212826
154271
153556
153555
250993
203967
204642
44798
109552
317724
113315
329685
313435
160256
139937
94154
138047
138044
63540
180568
164413
167460
295700
167463
99194
48628
108711
71889
108712
265352
269817
269814
163500
208431
68284
68287
241859
58210
58214
268142
106625
146476
188961
102714
185489
285156
280654
280657
24362
112048
33509
79393
264990
272758
256122
106725
94548
323890
272752
175089
129452
186618
186619
186616
175087
222315
155419
331082
331087
331086
40968
331084
147698
3439
47215
214258
319014
47210
272288
169024
326372
178101
178452
178456
7182
7185
211201
91683
195686
283651
105820
154359
283303
133835
257651
184199
184191
66504
66507
139988
145926
66509
145435
50414
212721
189101
42664
55336
149929
273155
111548
273153
111542
149925
139986
209702
60906
154710
154863
139981
187259
66762
266672
66768
53128
189363
214241
180487
75537
214244
65266
183470
150909
184505
318052
184503
43467
287556
287555
307594
2304
266453
266451
292259
44520
166834
166836
74499
4624
185718
63909
59363
128462
105639
97459
141847
141843
102942
143996
143997
64025
171
178033
330909
185678
248129
174551
185901
194106
148401
49172
46653
46657
49174
42484
300064
270546
270376
45309
270543
45878
249990
45306
20080
194314
57087
248021
194313
10399
290253
247683
80366
269150
44650
44655
283883
195515
269482
54411
117251
172501
195517
323847
10575
123553
10570
49797
247325
247327
285300
112237
176212
263488
112546
211949
285307
331473
44977
123731
59483
91959
289870
289876
307860
251839
7660
7665
160064
142340
37165
142342
58681
37168
189958
226663
264504
158966
1761
211059
243406
29592
243956
331698
243958
29598
312562
312561
202049
151712
312564
202046
170134
114534
239849
255869
164199
193322
34309
264769
94955
266591
267267
280841
258007
238462
272220
316285
55107
38360
294834
245331
186427
111956
111226
318535
245339
225310
110574
289499
244310
136327
245072
311035
183027
103569
181812
255523
307978
213511
213516
101949
318283
256029
107537
151974
128858
300277
311159
27397
56459
107283
279529
56457
186509
56452
155974
328538
325322
325320
259651
145636
150592
286215
286214
195537
150598
119843
105029
12033
293447
149267
149264
88046
307675
153717
64619
307678
49549
150624
107837
49546
324185
261273
261271
203948
204669
145877
167266
81775
203942
204663
167260
42813
265595
317706
49329
322678
293918
255389
204444
324459
203496
116107
138065
249523
222769
192574
116101
36794
53970
36828
102884
53978
113558
18892
58234
58233
18544
198367
280593
69178
122014
122011
13079
87293
87292
179291
175532
254655
123949
146109
113889
188949
146104
146105
146102
146101
255524
280678
272771
64803
285175
18762
18095
18094
203237
27803
194416
94562
129431
83631
295188
270953
323985
323984
278044
29290
314505
314503
47233
136131
146086
72099
136137
30290
59017
109460
193158
109465
109467
77911
216265
29120
178478
31748
288513
171437
79513
296755
8032
296758
67786
12583
34533
283636
138984
224231
271607
145903
119023
271608
257670
66562
66566
219663
144364
259293
127825
98868
103914
7163
307069
154844
154845
243480
312582
318071
155461
48441
75512
86241
267524
69694
148056
201152
201155
276389
287534
266927
32248
32249
173630
56845
98436
167671
135158
25381
60253
255960
23925
262463
248494
181600
27234
27236
253361
253363
140198
140196
205098
205099
121977
69035
275509
64557
124707
257844
124701
270382
250817
270389
118307
118306
185655
185654
118302
148421
118300
260312
15868
195497
128626
251141
71284
195498
135779
166671
161808
270561
167096
274608
270566
270567
270568
45322
45326
155885
297247
314756
314757
314754
9199
10372
272093
42174
63781
80384
80385
80382
63784
80380
80381
97473
105616
105614
176182
90120
36581
90126
152274
63527
152270
93953
271389
9772
176233
247348
142101
142104
247342
142109
17578
255730
331455
174477
174589
174588
251853
174580
307806
251857
136834
322446
288038
175185
169639
15859
68324
209953
267069
275262
269728
315937
83155
54034
285584
18372
54033
312585
312584
312581
312583
291360
185486
94971
313190
144621
289855
175763
281607
237310
34327
34324
287981
238446
54328
282759
253369
171604
282203
330498
66952
66957
306291
272122
300602
55125
55127
111979
186408
186406
34180
186402
287180
287181
35270
287185
18700
330141
93581
330146
213536
59206
189796
27002
150823
150820
206529
279721
279720
74053
187010
74055
151992
72515
140299
72511
253288
253289
326605
257912
161320
171091
107916
39035
56471
107911
16745
322943
322944
214164
214160
42780
55874
119792
272756
158345
318351
120169
307659
124133
122381
309236
307651
307650
49520
213350
152463
61041
313758
134300
153594
260757
310262
309099
315341
328515
43167
312807
312809
81716
135430
160216
197417
58037
160215
317271
322619
317275
281722
281721
249548
324478
75093
75091
167428
167429
101986
101984
158974
10743
265319
58965
33729
112666
112667
33724
175515
175513
48695
256254
68607
62335
189074
275721
194192
80447
168043
202528
44203
272711
84525
325396
33541
285117
285116
55273
225438
331667
264953
27822
184183
29721
9385
243410
67140
163547
198430
317184
264044
319295
147692
24431
103550
77932
147526
18743
45505
77433
89928
288534
283343
34042
8056
283345
34518
173345
106987
76222
123071
95237
123075
95238
145963
145962
2886
145966
44971
228247
174390
217228
179858
182974
182979
88299
318897
88291
154827
273191
270219
184481
160843
266639
74910
266632
314981
74914
77069
287512
287047
110186
312632
13656
292213
185282
165652
109843
165951
201174
181996
181997
266943
19031
153695
94348
94347
94345
56478
94343
64799
183978
239875
247165
167651
327090
224965
110230
262441
11799
270359
262446
91460
27213
234881
61270
55942
239872
155338
82368
205071
270369
257823
287374
330945
185634
118366
330948
191765
36340
74269
139276
316801
316802
117172
316808
316809
189973
105183
105182
98142
98145
166879
166308
326417
97751
270508
270500
263208
297261
10688
10683
305393
265148
305397
16973
17082
227045
227049
70300
197200
90147
121004
63506
125059
247369
18978
75134
255750
3477
112277
112276
147956
312417
112870
37432
105829
45340
184905
184907
135017
134118
134119
44564
56368
137142
271108
301784
271102
271105
271107
71961
257653
68654
313205
30077
1720
211019
172395
172397
264235
214093
175161
137498
221813
243445
202080
280080
280083
58574
58575
58577
58579
112499
291306
94912
234779
27457
94911
256061
27450
256063
234778
207100
56012
256069
259949
283429
282824
179485
144602
283420
283426
282779
66680
233436
233434
171666
300621
132517
280551
272109
59195
213733
59197
91202
213735
234783
234784
244024
234786
326259
243997
243996
301975
129356
183101
186460
228060
212427
212426
188735
180174
302950
256472
268937
256470
48700
256477
256478
296308
30958
259725
279701
283285
287154
102271
263275
267953
95394
19487
262056
19480
8314
37722
239378
127987
200906
259314
189289
239374
56415
115942
105609
231142
115946
98625
231146
951
35253
50152
112475
50150
39056
107936
96669
117540
319681
214141
214143
214146
12075
12072
124955
81153
312791
312793
307632
307637
302575
82822
247190
49053
261502
261505
261508
172660
153862
315360
191373
191372
292533
322962
191378
46558
46551
135982
160237
46887
322631
281701
281707
70177
90626
232201
36758
130008
80286
113048
148381
36286
36287
122052
112649
105423
105424
112641
112642
58904
175570
175575
82183
45287
48672
64219
188901
328399
188909
275709
275708
317219
44774
255568
264686
256185
272730
169770
84503
323949
193993
203275
95663
44483
278084
44487
243294
216041
37087
278778
37085
269878
37082
265335
269309
168977
211701
278777
29399
34280
185428
34285
34288
76022
129293
290790
158814
174629
174626
159771
288559
171471
171472
174621
147541
112025
112020
142719
89904
112028
143042
252032
283369
111619
310673
284882
283363
95252
40677
40672
95257
243876
44950
331175
123096
133859
224769
145945
157944
313019
212632
136170
249361
249366
255986
22616
204512
77269
97147
287285
317840
77263
2008
197192
197190
315453
197196
160826
197199
322398
296795
170707
73546
77045
92390
92391
95879
282018
282549
287066
174846
296232
32934
93683
132727
89274
306484
61072
256864
27737
306489
309373
301145
25690
145055
262428
300555
277344
65795
277343
43590
154370
153416
25528
328148
74537
185619
80617
251675
57949
118343
248184
328142
80618
330964
42353
56335
326478
166321
98164
98162
98161
323115
57575
321653
171068
269463
16955
16957
269469
63742
182200
313651
184690
250677
250675
141284
35107
53218
146089
254572
9738
53217
302721
247388
269798
247384
63565
37419
211656
857
75117
147973
147974
204010
274645
45369
204542
41331
204018
45363
41992
45360
137168
287459
317532
44019
202315
313226
160000
313220
226390
112354
68679
211034
154242
264218
289094
179643
102308
291321
178511
58598
280713
143677
183345
27470
256048
256047
94427
256045
94935
169983
94421
177939
115706
289897
284591
217386
258063
102119
147758
319799
319798
319796
326270
161751
161753
326274
186445
256015
213714
326279
186449
213717
213862
306255
273878
243465
137343
156130
243468
137349
262211
319242
300714
330188
266777
23758
256013
28913
109212
239689
87475
34490
87476
82118
181874
331586
331583
180694
171137
145531
267977
189738
7751
78960
170512
96399
19468
186512
19461
32542
283005
144224
34721
111426
111421
196167
111422
88314
283008
184360
273253
177395
180474
50173
308182
34932
247970
34933
318111
214122
189403
149282
261742
313820
81132
44517
215835
69247
287491
257324
160585
160582
153124
46718
313790
60995
255218
277403
281891
261568
184758
248128
96641
96134
317225
322986
322984
330907
98204
36300
294258
98200
294529
293970
252078
98209
153087
64181
17122
281763
124689
319748
36739
70154
70157
140345
125624
80264
254364
80263
80262
134876
48650
122079
48652
122074
122075
122076
122072
62370
59187
133617
146160
185403
46574
135471
317234
42658
310913
213851
179582
323960
264666
316010
179588
83691
129103
10473
290404
253753
290400
290402
57969
275585
270541
321679
112621
275301
45304
71202
112628
142088
44781
59525
161696
34261
29185
96289
29189
325605
45302
194400
24643
248022
317498
174605
255231
142268
149504
147566
147565
184117
184116
284608
284609
252015
184111
261435
252018
115576
284606
284604
275325
275326
28014
243811
212657
197010
272860
272867
1468
68535
208788
313072
313077
73780
315093
77203
315091
77204
45780
73788
138053
317820
317826
106384
209783
197179
204381
197175
197174
20366
197172
106490
133753
91609
77837
103462
73568
153904
186511
35358
73562
314735
326633
148032
43353
148039
19072
19070
272313
88780
127554
155157
155156
155150
145073
145072
54419
244546
309350
309351
309353
309357
23413
12679
267611
248433
248432
155486
76914
76912
140138
140135
163876
140137
140136
277369
76919
279934
320511
276415
260804
260377
80672
59278
55950
55958
286359
189095
326456
166612
117130
117133
97728
193659
10914
281952
10912
116844
56359
7923
10313
297229
269401
292443
121263
121264
227086
227083
61944
270320
154425
204786
69050
270329
153438
250303
121040
106266
254557
85578
176297
147915
37478
135862
284624
94071
30075
4594
315531
4598
108985
71697
71698
44523
80894
44521
80892
80893
202337
313247
138360
164267
102673
134883
102679
106967
244153
88326
288296
94404
234873
17920
17921
234876
62630
234878
234879
20379
282860
237373
259346
256027
45926
44033
331347
185492
66646
112543
103074
109584
91299
129645
243487
267006
243482
234296
234297
142743
15432
15433
48832
8133
69310
307527
105927
8346
233471
238356
287926
180675
59481
72570
19448
36213
161349
189799
88332
161347
193466
73999
273231
119655
24446
151469
214105
107211
150514
150510
318178
251836
257308
4060
81446
251833
86320
279481
212888
280580
60396
172626
73224
37164
116456
141186
116453
287746
171680
140581
140582
104406
11436
303343
175798
141980
38873
141986
141984
294500
98221
98222
98223
215277
186220
60176
116671
186228
186959
148349
260491
260494
148340
49616
140360
140362
80248
247485
85362
300320
80247
84098
48639
256231
174653
256233
260635
153351
289171
237580
64257
64255
321477
278514
271865
133634
329662
46599
46598
265513
139992
139991
42893
265517
42895
139995
254310
45026
45020
248250
57944
137450
247225
187575
187578
144430
105465
105461
285247
112355
33744
54910
331757
277301
43613
59093
179306
284594
182947
174662
251911
257549
251919
49903
24550
291611
81021
169733
291610
211172
68084
169739
255211
184171
243344
184176
252073
44998
187146
44991
44997
44996
44995
50340
47948
296257
175824
127668
171566
77882
35193
287240
77224
129875
77222
310593
197156
197151
151585
151588
18109
197159
216271
272083
143556
111650
30074
229206
284622
106961
76285
91626
30078
282051
77089
180082
77087
145898
185229
330669
258560
11224
185222
98786
155177
155176
87840
328458
272334
25900
213105
213102
25655
145094
71313
97737
286195
286190
140111
286193
120258
140118
155353
163818
161086
308530
55972
76934
253672
55971
177212
165946
322823
328100
117113
117112
117111
55976
16628
244321
74573
55978
105121
255854
318531
296742
255853
12757
124032
224986
317870
116868
153637
153634
281972
125783
63700
63703
221802
63705
125785
173463
255856
302458
269423
313612
293178
105696
182247
69703
270308
162285
270657
215648
250637
311967
63831
55923
168378
125564
70952
75157
112801
75151
75622
37450
3419
79863
120007
105838
79864
324375
167017
265254
33481
18487
33489
18213
52702
222135
20682
264254
118294
118296
10596
118290
102612
112164
255664
255662
112162
285507
71017
246074
17902
111223
282889
213926
155913
155915
155914
237390
155916
44052
278305
186426
44056
307887
44507
290436
40024
137120
146221
186420
147799
68943
132575
245336
147795
311508
161712
311501
109566
326238
109560
316227
67392
186960
18697
256350
218769
40289
30546
29020
29021
223665
76543
169274
317267
170087
105442
231439
241899
283225
283221
244319
184099
257754
257757
26749
127819
288017
66628
50286
214695
56087
152906
91815
193896
273217
273218
283044
283046
244910
244911
307168
327542
221585
192348
221582
28775
47087
151119
151118
24423
28779
65630
309816
119719
280046
77418
309818
312731
330570
170222
170551
185652
19428
116474
208046
208047
75364
24055
327152
327151
145132
35410
145131
60373
35419
11413
11414
104421
270300
185058
312886
256586
247937
150543
140565
56032
264848
106379
154870
25467
244002
244006
36269
215250
251757
148362
148363
113026
41266
82845
256691
153004
82849
46750
153372
270467
270466
162492
64276
48610
134831
134293
270468
45220
256226
36199
254180
278531
265069
254187
12141
293712
12149
213515
173856
179092
59877
204241
45045
182304
10129
325789
278792
10431
325784
10121
10126
152398
142046
142042
275452
264441
105488
112374
255050
149096
123343
295389
331739
295384
295387
295380
257568
251973
251970
174641
251974
251975
285190
112080
294383
49963
226032
211152
164896
211157
255271
211159
59488
257691
184152
184151
119087
184155
265930
202167
1420
160659
1424
104999
160656
34223
34221
34226
34228
164766
7878
267633
263570
280921
329678
322339
147478
72924
256618
252055
283698
252051
252052
144076
30091
252059
252729
287592
282076
136041
330602
330603
330601
330607
330604
30895
27745
27744
27740
318365
248478
241620
269281
286178
140176
23985
173039
173033
173034
111425
206001
164932
16605
322809
276981
12774
55918
12777
12772
259632
55910
316887
106312
255874
326494
255870
69891
10959
309318
153619
153969
283566
215408
10443
153963
309312
125769
115131
16469
221827
121222
194126
182262
65409
236576
277583
184638
184634
184632
120288
260844
43061
81323
124903
312948
69767
135355
63125
42913
158430
293389
329780
190584
60246
204525
56930
330876
10605
53019
167525
70074
58867
96243
18465
58868
176780
112345
106127
106120
164957
211098
62454
134998
250969
175479
60634
172312
172315
9793
9791
146029
278491
185588
330856
146795
185851
185582
89476
272632
285529
54099
272636
255645
272983
147261
272638
186177
306151
155935
34969
211892
48403
213949
243112
290382
111726
223355
290385
168875
66582
44075
133174
109547
316715
109544
272189
294505
68965
68960
109549
45278
111991
70926
70921
295390
138851
59114
290658
15650
107653
29009
71030
71035
288250
284926
283201
15383
256004
169293
331071
180028
256009
238397
287961
287966
287965
110829
330473
112235
330475
147540
111336
88809
143213
189205
8390
137502
249240
159448
151133
151132
151131
192367
213928
150622
319806
258890
319803
266866
36310
136458
87020
266712
279699
35786
81401
213921
81405
257340
4028
43279
133150
197859
49094
278300
261589
107862
107863
281833
145111
145115
287782
287780
140548
150553
27175
32783
55587
181764
171724
117893
27178
281789
281780
154079
56057
276845
213498
118024
244062
260457
260456
276848
244064
128907
80202
80200
135108
205603
200890
309699
124598
270449
260180
270447
270446
64294
124591
319750
93927
93924
314015
7861
194035
328644
328641
308406
186487
265007
321430
97202
98265
196512
57988
90001
90003
63112
187530
63443
321691
66431
298485
321698
45318
142029
142028
134148
45232
45204
141054
45206
45207
48361
45202
45208
134145
251956
251950
251951
134143
102152
251958
243561
226017
80978
47951
45310
201680
317436
317389
275697
29531
68775
1997
299289
182110
182113
58186
203544
264608
45068
138469
169842
203548
164565
193919
328750
44332
162811
44337
278110
44335
178699
44338
275439
275438
283048
315877
160674
160270
197077
28568
54379
68599
94782
3346
34208
175643
175642
288442
238273
288447
263511
288449
287201
287207
167977
148898
147459
147458
330590
197110
160717
147451
160714
301696
83721
106396
330624
330625
258832
188341
330622
178047
169333
174091
23611
136025
196301
196303
27760
239218
25948
325847
279442
287669
248450
286159
155393
72419
239052
155399
140154
177257
279994
206029
102882
50075
110122
228118
43572
330096
55937
55931
322860
74826
322862
89308
189564
18890
6146
255811
231431
255813
84877
255814
25610
64848
25618
305376
16489
128593
325820
261440
75994
283861
22708
270612
124296
270614
69740
81348
77628
154448
162249
133984
327696
311929
166902
166903
46276
49774
311927
135370
79827
281644
281647
324330
249465
41911
281315
41913
294480
294483
184095
281648
17533
244477
167500
167059
167509
4533
9402
11625
125740
105524
322486
64332
268734
285313
52742
64339
164976
268732
118925
185873
118921
120952
80566
80567
80564
278476
63878
272618
213963
213961
48428
186117
4319
203157
203156
203155
203153
34942
34941
48424
211684
194265
243179
259809
99436
321773
168857
228417
12954
109520
138871
268193
316269
268196
109528
12958
172999
290100
70902
102770
263748
107678
285543
65864
285548
176858
150936
54749
15450
12483
283263
284762
15458
283268
30759
95371
243794
112063
243790
184058
123607
331506
114874
24390
185231
50241
330459
189825
280672
318485
300879
213682
244090
245793
249268
40426
9982
107261
107262
280686
212486
280683
151156
151159
192305
187395
208971
170044
309573
419
319821
219456
255995
249198
312773
312776
309853
282137
282134
307697
307696
228853
66889
93233
132465
96317
307873
11365
160500
103367
61350
61351
61352
127650
170593
103369
55031
189943
107842
107844
107848
281812
282353
151117
282355
140528
156636
61533
61534
308455
308456
150577
215212
244040
186284
186287
124605
69355
124601
60480
36229
148326
36225
259265
161909
260653
194016
194013
325212
191531
260658
328629
89919
63683
93908
63685
63688
125585
93900
93902
56076
56072
105732
255765
36958
36956
36957
135786
46680
121167
212979
287508
142004
45260
45266
255898
243098
307900
125260
243092
243090
243096
243546
223554
219134
32807
265686
265680
84252
84258
84259
196294
1606
181838
167317
315748
193977
166749
317676
202617
278136
44357
5474
112849
285487
285486
168535
270596
45887
306054
264086
264085
94764
264088
331262
282908
284572
282904
284575
284576
115642
330023
288426
18169
204302
147439
254879
280210
34086
288612
322282
256651
111818
158653
256654
83703
243894
252090
83708
89832
136007
212745
212746
185245
66412
169311
195829
76191
272396
195823
129897
213168
174570
35139
325864
174578
59491
195796
266100
111766
111762
111763
8451
247144
196229
296190
8458
60721
228468
35864
287760
50058
221403
55261
238455
19345
81795
16646
261683
55964
88618
88619
88614
255838
12734
88611
88613
64821
69500
287317
153924
315109
273041
120719
204919
304375
24611
25637
180397
330980
65440
65337
228665
150031
302436
305357
281483
141264
255864
158592
114734
43537
289461
289462
270634
174395
270637
289469
270631
270633
96500
292479
97775
323718
270635
138679
106254
106252
281660
4518
326035
167073
283327
11647
62417
133811
270090
64314
19350
153219
120979
172350
134956
148517
191499
148519
311904
254001
300134
63892
84629
45383
211588
27498
84623
203139
274738
70690
203131
203135
213983
186134
202841
7305
45389
248313
18421
71348
33429
321713
71344
71613
188567
326292
264418
264414
264141
129399
70960
330726
129392
174748
107617
255356
112102
112453
147883
255352
255350
37214
37740
285561
285562
213185
283249
178776
283242
283530
283533
30773
331529
146939
184073
184075
184076
187669
161988
66317
271761
186972
169122
313358
47530
189843
136631
313351
41421
111378
184384
77343
111375
192327
267192
137545
11002
219470
79341
79619
170062
319845
172514
73117
258443
312756
174962
287434
114503
29885
32872
19119
89131
82517
160526
89135
61333
111483
111481
259865
239950
111489
289583
153193
28860
28863
270644
185038
69716
195670
64093
195674
270641
270640
308128
27139
213406
213409
82710
65835
256688
48619
35203
91382
121086
161925
203748
135142
45226
281876
281874
261895
75875
1050
194072
325277
328604
46248
32123
321960
117362
7822
7820
7824
182560
182565
17188
141903
56094
17182
64128
257298
56092
307809
9362
113622
63402
63407
63404
249784
249786
4981
81007
2156
81000
138241
45242
45245
138794
312110
113441
113766
251994
271572
251997
255296
313500
255291
255290
14067
49455
44384
255299
58142
94604
204532
211464
211466
158624
211461
164662
36976
90043
36973
108041
18987
18981
18982
178384
278156
122455
122452
54333
104936
54337
122458
122459
186095
143886
175606
143883
175609
48581
36600
113990
102197
102190
132277
18185
147149
106473
256677
256673
196879
138938
138939
143088
183579
323896
323893
196690
314415
202186
171296
315839
44371
83761
314419
83767
83766
321239
212728
620
24489
58874
212723
23127
47678
212726
308601
15551
15001
316127
161331
58870
161148
129560
25989
25985
206605
236381
171070
288157
265091
31161
174554
18477
239014
170653
170650
56446
8479
56111
144148
8474
8477
193932
1769
161002
184247
298461
66434
66436
258871
73806
155687
155680
273067
273061
36993
318253
60870
330566
315162
307715
315166
69833
292507
151239
241572
46189
75405
30736
277830
277293
277520
251961
73327
204851
324047
26189
18874
258306
184914
43008
327653
69784
19634
74863
292459
292455
19638
297131
184173
208298
294440
3491
41958
281608
204584
192580
204589
106271
106276
11664
11660
244430
171738
270615
46454
46456
220488
220489
121827
125707
134937
106184
45180
227137
52784
106188
106189
62436
288618
64378
153273
60694
118968
185529
113294
118960
185521
118210
194194
185522
46982
195589
135885
139308
195582
195583
139300
203112
256088
256082
203119
45768
256087
243586
105036
328016
83955
112154
290366
269204
56855
71363
66867
278380
278381
255190
176728
11933
54830
290144
70945
102035
290141
61665
12910
35832
120159
191809
145841
7028
145847
63349
71093
21513
220594
271293
63342
155926
19583
211877
272923
255376
149622
149623
37720
149621
37726
37727
37724
268494
30718
115439
184018
202242
159914
312329
47806
156047
71892
71890
76323
264434
79184
264430
68276
1031
263476
263474
49968
62508
170006
11062
268330
8663
111171
17891
17897
111179
106862
114526
282170
228812
4084
171712
77491
172537
171718
73135
147602
66594
32858
272219
32854
143273
111352
143277
143275
88868
61310
127344
229493
150263
244228
244229
35499
60991
120342
138441
282392
35493
60997
23352
23350
8087
256508
195611
256502
65818
213469
241902
309963
213460
292840
244083
136236
266373
266374
97001
326711
255972
255973
255970
88244
259221
116963
281858
281855
56523
281853
96716
93941
141239
194051
328370
96719
153852
178949
42695
286495
305099
117385
193285
166084
193284
86296
69647
60193
69643
124862
154019
141382
69648
69649
80197
57344
290231
212934
37537
305672
37531
103195
209328
162418
192647
192648
270171
306204
209327
317458
85740
294650
170827
170821
96843
160306
330850
179011
47969
211216
107641
185994
185995
148494
84395
102200
297931
33367
218778
7230
197056
198253
58349
94720
62777
137398
115605
30547
155833
186075
275670
243504
36627
83566
255416
319676
319677
254837
319672
254833
138913
138916
48701
106455
261183
256690
91390
83746
83743
244395
129768
83748
288395
275450
40878
275455
288398
44393
262998
606
169423
262995
59342
8106
283168
283169
306463
175956
306467
102568
77862
77864
123255
328812
325823
288170
288171
288175
174532
288942
171014
88470
111723
8417
283704
221443
224165
180021
107321
184224
7582
107322
305840
212701
255959
305848
151030
160191
61105
61100
61103
127401
315141
52946
4145
266141
262193
32446
32440
160488
266148
160953
261421
75939
261425
177361
18880
241597
271774
234620
192070
92950
322887
185173
89303
114770
31857
55997
104363
116732
324399
105090
105093
268665
105094
15549
90948
13423
309287
309284
124185
254223
11689
140719
51899
253252
140714
140717
24909
140711
140713
144079
124322
124320
124321
134916
227152
134910
124459
153528
185507
185506
185503
185502
185508
85024
125586
283690
65741
166747
326504
326502
12080
139324
139327
87089
45701
111324
204301
328030
328036
10026
10024
10025
297848
186845
247141
247142
247143
176703
71307
247146
247148
251822
102013
159837
159834
63368
37254
41420
84376
84375
255312
255313
255310
68472
41429
29883
29884
119349
29888
331563
317157
312300
327874
202220
275026
202227
313313
82245
313310
160175
322574
58751
264453
68212
211726
268134
33881
79160
145122
171480
132310
243374
81226
54103
140721
24487
142725
24935
324837
136989
300886
262851
300884
136980
15961
30732
15963
229659
115412
289963
144225
229125
8640
114540
287478
114546
145998
145447
145442
221387
171731
147624
132401
118434
160560
118430
160562
118432
311650
300778
251852
127361
272272
103658
155038
61668
272277
301827
28765
156042
143295
213662
318421
213666
126417
145665
83623
140014
266683
140018
266681
256528
213447
127094
283393
213443
173396
155786
284878
82751
318683
171866
292822
171861
139400
16549
22103
316944
16544
255950
161968
161962
318632
213474
69480
56509
154785
120328
10872
177775
10876
247777
19842
182526
45575
64168
43900
43903
29284
43909
86904
69661
69662
64167
49673
49674
125132
46378
1877
98194
98193
98191
172117
19605
209303
81049
53137
327022
162433
162435
190240
160361
14026
200675
160365
322769
190718
164872
17057
62579
243420
3283
17058
3280
143904
186336
143901
90082
90083
106021
106023
106022
302396
36939
118392
118395
36427
112281
112282
112828
112539
285933
285931
34865
45394
45393
192920
256325
274698
122415
43834
143847
36648
113489
133728
204373
44157
44624
44626
44150
134012
255436
142463
47455
143593
41671
15772
107776
17056
29472
263661
156237
156236
40819
291912
171250
171251
171252
8250
665
283148
140319
206318
30830
287867
263590
287865
263592
174510
174511
7614
7615
257495
287868
148811
148815
34137
222842
115884
88416
91182
331606
184206
243920
184208
9829
187013
91181
187014
228197
312895
23160
319436
136533
151012
210487
313109
189078
22567
33168
61182
213051
127427
228994
307754
267747
24672
287391
312470
4125
170346
170617
98348
177346
287135
192010
289408
148100
185152
89324
258343
104308
11510
11512
27097
106239
60523
94096
106237
106232
90961
140736
140730
256597
88712
18233
155571
326695
326693
205148
65359
46143
24926
117866
153505
45491
153509
69129
45492
45146
185560
185563
185562
328239
118259
185568
25253
328232
191433
74359
42712
140570
294400
97612
247903
193878
270259
70185
204360
290327
203404
203407
224750
255837
101917
152568
33111
176760
176763
236334
33115
236331
33116
176769
247120
219359
227173
122414
105219
227178
105212
190557
293182
113341
56020
89485
70987
290185
290187
139966
42864
139964
139965
37278
37279
3543
37271
147824
147822
49807
111972
20977
68188
61675
41448
2965
26781
257794
137612
40710
302134
108748
108746
58739
122080
79142
61981
47843
160117
179205
287182
268117
64298
4334
44158
3133
89667
108293
108566
280600
27525
256157
256156
234279
272915
272914
283557
111136
111135
111134
282608
118415
185364
216926
66806
171751
171750
171752
118418
299468
89406
299463
213603
155018
59060
111391
205969
326329
156061
156062
267174
273788
318913
74634
256542
270670
311059
256546
308208
81322
146981
82008
12518
87522
87520
42594
77183
77184
77185
49752
303135
168759
292803
150822
166512
273125
10856
273121
10852
255932
255930
124589
273129
141478
255935
240890
215526
154767
107777
104535
65729
277959
129748
139810
277956
257941
173727
69608
307561
43437
69601
43922
215295
135253
135254
49658
46604
49651
56387
17695
324219
3730
192604
320054
192603
204174
191502
315432
79927
105667
105665
236294
236295
105661
173982
58126
58125
116072
106006
246996
246449
246446
211195
124367
211197
244622
36407
289378
102247
186311
125150
128650
185951
9694
185953
185954
122432
62730
259881
122438
112516
20568
282982
186038
137598
243013
140297
194360
148763
172422
195373
44604
138955
316363
264806
255450
264808
84437
255454
274548
48749
186784
48746
275496
83783
83782
171239
280164
288351
288353
288357
111095
179947
179413
76116
148049
283128
316181
59389
326600
185683
146839
258653
287807
258654
159661
37132
112777
330538
226618
313290
47436
330536
112779
111271
318581
318587
149444
34111
243907
193907
206743
106837
145873
180061
180067
32272
263599
645
313127
47386
268714
213031
315188
159279
4107
315180
307775
159277
73697
330391
330395
299450
79465
239520
259903
55152
73344
143118
324027
312981
115159
312983
269378
283545
244362
51237
148164
61142
88690
306570
61147
256488
61148
256483
112830
242353
272832
283726
13500
8435
46164
256172
135062
140758
19615
232953
98328
242351
309799
154248
99321
153562
153560
312150
25279
74371
185548
74375
185541
330890
185547
146027
191416
195568
46297
46295
330853
286577
148552
105057
146022
265700
323064
194282
54769
107563
194288
203162
321793
134938
247450
247109
75395
219371
12372
118403
176039
12375
54859
149174
75398
176032
12634
102143
227192
113362
107695
44296
113368
24050
139941
139942
139943
135931
139945
49826
139948
125364
196802
84330
255685
147802
255680
255681
255682
203422
203421
270277
270271
138547
41463
270278
168257
198334
187018
278014
202775
278016
137630
705
137633
69024
168258
133947
58710
190104
58715
174652
108761
108762
108763
64015
79122
268173
268170
268171
268176
20192
208444
208445
106618
252482
237558
30114
71706
291259
291258
178134
17877
134871
33862
151431
87154
106808
106775
20229
62051
330950
256171
29843
132098
185301
147666
185302
185305
212683
147663
185309
311614
89456
59042
36379
109491
306365
29157
271182
241604
283176
142880
266646
266640
217010
34564
134302
82065
189075
177846
259574
256567
279307
206104
206458
231722
213484
213487
110600
140005
194903
95930
316714
32218
16509
16508
16503
266397
255914
255917
255910
315340
196057
189139
12617
12616
259710
12614
12613
127852
100616
243379
287901
273103
180500
215501
155434
247738
105847
4129
184557
141365
184553
138859
124801
172483
4710
124806
69629
307549
307548
329936
213459
265905
302688
161871
247841
49102
46333
46334
46337
59115
141093
116896
41815
87510
281217
256053
33103
59111
2484
4672
270485
128496
170880
294367
19549
52669
246460
94840
246462
17017
64079
185686
185687
185680
185682
248111
186370
186373
185688
244647
244644
244645
80685
256363
207507
33107
75099
143809
175681
87300
175687
186011
87305
251374
44665
202900
260050
83811
243037
243033
139000
281729
139008
15887
15885
34922
274561
15881
274563
264824
6829
33105
176426
147463
290063
288333
63222
121723
289402
187429
176260
112571
37339
33655
265484
18906
264759
59901
285790
111071
251806
251807
44081
328874
331421
226635
294510
37159
37158
255470
136869
285685
37150
149434
37154
37156
245349
111219
156491
144412
171553
34171
318562
275211
35884
44884
243960
9862
9864
9867
243965
14422
312551
302870
24500
97030
169910
262971
249090
317919
13814
282271
197225
294073
132589
132588
190902
33095
117915
189689
221575
35224
224093
228041
287689
287173
282412
258381
55285
238390
241641
213541
214044
213543
150898
65132
163387
309268
301015
244126
260534
309262
64660
309265
130189
19505
262023
128808
27367
253983
277213
78999
135006
78995
311160
277218
308248
279846
56991
194110
191471
201847
201845
325315
286226
195500
195501
94091
16261
286559
286228
149233
105070
326568
295849
97303
328098
36851
176016
49596
168895
125695
125696
84133
313705
84139
236371
184937
236375
153814
203624
203627
203994
124348
45453
85627
271218
44275
128118
254601
210789
147863
200712
46811
46812
138036
324407
324401
211569
75043
324409
327214
167451
199330
70677
138521
249249
270295
209132
285119
317135
133512
278075
190129
58264
58265
79108
211786
237538
268168
331440
280646
280644
280645
280648
280649
258971
33849
122373
17810
84528
272749
207291
207292
183210
143143
27560
225442
137874
314535
137873
185329
47995
118452
66517
66516
66515
66514
271112
316664
306307
84027
97949
326363
326361
318952
306935
178441
49012
477
69128
319399
47199
266665
12807
111686
283660
144082
109617
259552
82044
109612
109610
95951
105818
257644
206478
184184
194929
158933
105815
257648
133994
7469
288674
224240
282640
282641
50421
286945
798
26579
120615
26577
50648
182581
245223
65086
277912
184532
184539
287544
287549
81243
154097
81245
165353
104287
329918
165601
178813
4655
41839
118022
256076
90539
68693
293360
183985
104060
246407
69903
105626
186350
289337
124754
106
192633
113177
148419
118336
118333
118330
185661
135210
135213
85436
48566
87364
256346
256347
256342
83872
10383
83877
248059
80375
163723
80371
16928
194327
265138
12233
24567
138999
326807
323874
48788
323876
179633
10567
193876
10565
107713
290001
193044
129051
69736
269722
63200
63203
142158
18921
112225
288817
250890
52614
143684
307854
271406
307856
251825
251826
251827
251829
202388
257432
242365
37171
56018
211044
33163
316413
164981
68605
255497
142372
211048
119191
267095
243414
29586
243940
243413
331665
243411
188612
29589
312577
291353
312578
312579
313164
313167
170143
66181
264775
76402
76403
234888
234887
72126
234883
239870
91463
234880
263206
287370
77572
282259
282258
188185
197203
165160
317933
76228
312410
282785
282784
197209
197208
28185
242896
111946
186437
72389
8490
111230
111233
259943
72380
234774
259944
114044
287152
145216
287155
114043
228396
35208
292531
228645
217440
319235
47038
69023
82452
19380
118382
318726
213567
213566
276277
43866
260515
262009
254924
88385
308477
279530
308475
104945
56406
104495
328528
194131
191453
140540
55801
117536
140093
306286
326588
326585
186045
26386
309203
42866
120133
153704
124109
107528
104729
107527
107526
113094
149132
149131
150610
122405
192784
81760
315392
42806
44788
44783
44780
275753
313421
313423
58064
135975
36202
204385
204383
138054
138505
38515
129368
36831
36830
10717
162119
290922
167471
204476
148304
54982
108725
71832
61019
108723
58209
62891
294024
244060
58204
84319
134888
130085
22719
172970
175523
185491
185493
111587
102092
250351
33531
255535
280669
255531
147514
18711
27816
94554
272761
79388
94559
143168
252627
129425
146515
143161
67118
44432
202730
271091
248931
278058
157934
272811
319001
319000
103389
48544
193141
326348
77965
194496
13553
194498
28722
29118
258954
31759
178464
29116
29114
204348
312976
268862
79521
34529
34521
326002
34523
1787
2261
44922
257665
213284
34974
66573
35929
151397
35920
35921
35924
55322
55323
65076
149919
55324
213199
273143
273140
273144
144350
111552
48753
135365
244862
154878
270448
180549
69407
212571
138966
160873
66793
151570
318063
189397
307586
257253
81518
327759
4751
201148
32253
266933
266936
208398
167663
167661
22901
172196
172195
185709
140182
19599
246939
141850
36314
143989
304610
124732
124734
185641
248150
320433
113157
113155
330937
166822
46668
264474
46660
270554
41368
270551
174826
167139
204047
134147
45317
274614
246683
87343
45641
274610
45311
194303
194302
328757
194300
194306
130477
248038
194309
195315
141946
165928
105603
271627
49947
54405
176194
97206
15849
175908
201179
271396
18940
37373
37375
247335
247331
112208
112209
211681
146857
331468
257419
137199
174594
288198
251846
90009
160050
322453
1770
322457
142358
95931
211061
268297
211065
211066
310863
68334
243430
243432
243434
267077
267072
49946
275258
302344
312596
312594
275255
207669
63444
122238
107900
59495
115005
34316
73922
251091
169952
91441
178704
178703
171619
114209
35041
263222
160460
330339
160468
280858
66962
316290
55139
136746
170691
300611
272150
111788
111966
186417
198498
213760
144182
322952
221530
244305
319210
330156
148187
45594
183979
82439
213508
206287
213503
213505
213506
74026
247262
201088
55792
55796
262793
118412
98612
98614
200972
277257
326613
277255
326611
9972
279552
279881
167654
220666
16730
96616
65363
165816
292504
107785
145467
286595
182428
23905
119839
182424
45209
159340
309228
154116
309225
81167
64624
152459
63076
159935
313745
75881
150633
150632
45410
204675
261260
312835
43155
64483
64482
294983
153856
153585
153587
135401
46855
58043
302825
69233
293909
313401
294223
186257
186253
186250
307928
116174
199379
145865
36765
61278
162176
197791
18888
58225
213973
285762
18553
54213
324509
80823
203149
122005
122006
324500
48689
87286
183400
44233
275730
275880
152044
44238
152045
146441
21746
84532
255519
147532
285106
285104
112070
203224
87137
316045
106715
57936
57930
39622
248160
269823
314570
137831
269829
109475
71367
164022
185636
109478
97900
25886
290760
246684
29137
258933
48545
233363
18089
8042
34503
88536
34508
153877
211133
283625
310278
44908
140465
145974
224207
271618
44902
89482
182965
89486
47221
89484
319020
47229
183615
45434
111577
315351
307746
61792
127522
307749
275436
249338
154851
184497
45430
184491
50689
204601
266620
160856
75500
278118
69683
81571
287051
172426
192138
267533
145399
89080
96423
201167
114435
55300
55302
19029
55305
19025
19024
19027
312810
19020
94370
94371
94376
281909
281906
94378
145020
327084
145029
12513
292191
314374
292194
121961
299360
196576
205086
27221
14249
64012
124710
153117
186392
64018
83061
270398
153449
153448
118372
185623
118370
330951
118375
102973
260306
251609
152868
251600
251603
315685
139209
105194
166842
326420
193623
326429
290220
162547
99558
270575
270573
270571
270570
314740
7223
248018
7225
314744
7229
53082
121299
42164
42165
173908
141874
141872
141870
294695
12273
118996
10526
38259
118990
102358
90131
187445
125045
187442
187449
142111
255724
182396
182398
18963
247356
45336
211918
45331
45332
114747
827
211663
211913
44577
114033
55590
145247
195120
87348
317508
108684
71975
160039
96999
68646
160033
136807
15821
15825
211007
275272
243458
209963
168558
18340
168553
168555
302361
168556
94901
94900
170109
94902
17978
256071
94909
170102
62118
93913
325447
258053
288713
233425
145561
35066
171675
147707
197242
147705
197240
147455
62321
306283
225617
34191
272130
306289
156162
143390
197114
318507
186477
244988
240894
58795
169207
113278
311048
213520
150839
283297
15318
87421
154172
124505
206515
72521
117754
127998
56464
326630
196113
56468
326636
287194
245322
107901
228029
39047
292528
292529
286241
286242
322951
322950
292522
67746
292525
322957
292527
182403
245323
214172
147059
66345
77462
77469
186899
244189
307621
186893
247189
261242
261536
98094
75315
261539
172655
167256
81724
8389
45439
167250
184720
50007
111307
2529
116484
301023
191368
312811
45612
265548
329165
293920
315572
189740
315687
313806
324467
324465
324468
315689
25186
209198
60454
121518
10758
36298
36742
10752
36747
272376
84513
54239
105411
105410
84512
33713
285293
104836
58977
11807
285297
175562
153307
64207
153305
45294
268645
256247
134845
256241
48660
106690
211490
328384
191582
188939
202515
133310
112019
112018
316021
84516
169785
272726
84518
272723
193980
15047
68783
129178
9396
9390
278098
168961
317197
168784
265898
264054
34295
150946
34292
34290
72067
99333
156080
179802
194458
144408
77929
7157
7156
7155
99336
7153
7152
99339
147557
89934
89935
71784
312032
142708
142709
258915
283602
283352
143073
283359
79563
319837
8062
95245
95244
123086
184123
151354
145954
224772
25248
313025
313024
47240
111670
212607
330780
194148
273180
245446
255996
255991
224483
159512
45596
154837
307018
287298
197184
172390
188877
197180
197188
185552
208806
318616
73555
92381
269663
92383
77783
92389
282551
287072
172403
174830
292494
13586
212830
148064
258264
185290
61006
183965
60209
79987
151825
34294
244532
215492
151828
300547
61263
155308
305522
82606
253336
65782
82603
270378
96300
215149
309164
64560
69001
266204
251667
118354
148475
118356
330970
185601
185602
185603
316813
42363
206022
117148
140497
295925
166869
58573
98158
166316
166310
326401
280085
10323
125014
270511
270515
2775
9498
314768
16941
302372
7974
7976
314766
12254
176158
269470
176157
305384
269474
269476
17090
20851
105695
256065
146096
94913
256066
137733
94916
247379
256060
75126
208240
255749
94915
147941
285354
45352
20583
138683
138686
204003
45608
41989
274659
204559
307383
251886
251887
106004
137151
278378
251880
137152
160017
317033
317525
71955
164257
107574
313232
175175
138356
41186
179653
137379
236342
168574
178296
171387
108408
33101
58588
33964
58584
58586
108404
58582
59996
229062
94929
62173
94436
306129
282837
67528
175717
66696
233442
233443
247134
234795
301248
254902
132501
234799
254907
213720
111926
111920
111297
111922
59181
326249
315960
243471
243473
301967
319254
69547
185198
47052
266785
319253
185195
266789
185190
185193
311063
82166
150814
48805
169226
145557
82168
125159
279776
105955
30922
330887
35000
7740
35002
7747
107027
326652
331168
283013
283010
259305
259302
184357
184356
184351
273247
115951
184358
39069
123083
187324
50166
61522
117804
117807
55537
102065
247964
55538
44969
281713
214158
12066
263915
310331
154156
257336
37141
49347
312788
145956
312780
225608
135220
116689
135197
46723
186291
313783
261512
136141
2540
96124
322971
57759
165856
322975
322974
328545
328547
191341
98215
118285
322628
196825
105783
98212
46541
98218
124696
124694
204493
324485
112198
64199
281711
204498
36725
25438
244705
13330
244702
244700
125611
125616
148391
148395
9557
256262
112386
153327
309628
134864
48394
48644
194081
194082
44767
188914
183638
260177
46891
22606
42649
27876
136798
264694
256199
48028
290075
323979
129114
167908
270616
133595
309194
256473
57970
204894
142094
163599
112653
98501
176368
185540
269864
169508
59533
175814
264074
34271
310804
34273
174149
31737
174637
210501
112032
147579
255221
147577
255453
147573
252025
180588
252027
283378
252021
144008
111605
111607
283377
283375
44940
44945
184101
184107
14760
312272
156214
166230
72043
22379
129805
287272
4223
108349
29171
108341
160810
72221
79542
109699
208865
73574
135373
135372
312660
19060
132712
325209
266992
185479
148007
61063
61067
155148
189669
65010
145066
145067
64766
64764
93914
64763
266195
151808
37723
248422
185471
266199
195709
140124
95862
140122
41919
277379
155369
127789
61288
155492
277374
213283
155496
191755
154363
69064
276979
328488
80664
266226
80666
292486
276972
292483
189080
142871
139537
42430
4534
10903
247783
105153
98174
4536
326467
10659
10655
290883
278979
283121
93852
176179
261164
282005
105330
176173
176174
61932
81824
141839
259310
141298
184684
141837
204799
227096
270358
128034
113718
113242
46975
176285
37469
63570
94986
247391
247390
247393
147968
869
324344
255768
255763
75102
45379
204573
270537
45370
45372
270538
45376
45377
71933
71932
163671
184349
268231
62481
106158
62487
102317
102316
175481
13105
50153
291860
27536
18305
312318
18653
291869
33194
234806
272681
234804
234803
154440
284461
20308
79689
306108
256036
256037
213918
256035
27141
331378
67056
268368
147745
66679
264486
264483
247625
213708
183489
15681
15680
213701
15682
326263
15687
174286
37130
178503
29508
178500
315944
37137
197171
29501
243490
178508
37135
212961
212473
23765
23764
23763
15355
308774
48829
48828
331595
215499
331597
212966
177416
279750
279751
112309
288025
174465
171106
288021
35022
259327
259325
259320
72569
67725
111414
142012
326675
193476
189270
193472
330839
56426
218861
61545
247949
32778
141067
313819
22419
214130
313814
261752
81104
81451
43759
77427
93287
190878
93288
75352
185606
75354
75357
65596
277414
133963
82810
82811
73210
116444
116442
184761
230965
98233
98232
141997
141993
294243
98238
162197
320596
162193
222227
43814
251252
36709
36705
140355
46705
49066
80379
152433
128206
128200
256201
48620
122069
62818
48626
41289
34948
311624
124548
49959
170182
185414
135463
46561
46564
135466
46567
80413
135469
139987
205568
69006
139982
59887
81805
45037
274333
204212
264901
323919
270370
83681
194573
83689
57959
247236
63141
168296
247238
112631
70929
58280
112635
112634
37078
58190
142070
295374
102104
102103
115362
295379
298530
307974
113903
251921
298539
29198
251928
174619
49936
317485
288564
255201
37618
169742
97967
143038
184160
315739
81731
252006
252002
284616
275311
137729
154999
275318
269819
197000
212646
45325
212648
94883
68528
94888
256555
164738
313067
88248
263545
77216
315086
287258
159274
108368
322349
272095
109527
170754
160741
280915
106489
106955
91614
106956
106950
111629
174876
287033
172446
174878
212875
73517
148026
258519
326278
195897
51356
27799
225028
64970
103217
301113
69598
154695
69594
69595
23404
23956
23409
76922
277310
163806
282615
65928
58339
165954
276402
322838
58012
139517
42415
117452
42412
16635
323123
16947
255840
6115
193648
309347
116854
116856
281964
7931
63775
10679
10678
7286
63773
10676
57010
195398
176115
321871
223678
105687
81842
270333
270335
270337
153424
81849
20814
307418
63803
63809
135818
135812
135813
135815
3422
327639
75164
4588
167009
4585
111988
204515
12482
108990
45241
15452
71911
313278
13300
313275
313277
60601
106177
138395
118284
330865
10584
118280
10586
330869
112173
54731
291802
176809
33258
33259
122501
62606
62605
87070
272667
115771
213934
213936
34936
186147
45936
303407
34930
34931
133414
83239
44514
248387
44519
44518
68956
142539
85966
132549
217351
280586
68958
142531
41723
138821
213855
179782
138825
109578
306226
306229
109575
109570
301923
191890
161725
29522
105450
195956
319293
447
136467
173270
26751
267922
206205
123101
174408
145503
288009
171693
233480
170569
127686
106426
24131
127935
68768
273205
8349
273201
273202
273203
283056
115990
192355
50123
228087
134851
107216
184315
180408
188780
266742
48671
91204
187367
214111
127064
318169
250415
318160
77408
43731
4079
43739
4073
220196
96348
96345
220199
261800
75378
75377
75375
75374
45224
116460
60389
172639
287759
230900
274653
287752
287755
44779
247923
140591
140596
247928
165547
97569
257993
56001
38868
127385
56009
102872
4466
45358
80255
152904
148358
254319
148353
130056
253857
42067
24879
45235
45234
45237
41265
134821
45233
141375
185435
49949
185430
201918
125964
264683
95586
166015
135488
159688
42600
59869
322591
179575
193927
61125
179572
29200
272735
10444
10441
248262
36986
265380
265381
318844
247219
61124
62837
255049
149082
112344
142052
62838
112342
284589
284588
213177
331725
284581
284582
284585
284587
192304
125215
174672
152010
152013
174678
329096
38164
46619
329099
190298
211165
169720
211162
157195
274475
255596
243822
44986
243350
40352
209809
184143
265927
271691
50355
3391
3390
319824
160628
197026
212660
197022
124394
268553
66523
76058
34239
34238
72004
94861
263560
287233
178044
77898
322323
160720
160989
18113
147461
108385
291493
79584
141089
37086
254881
170772
284633
111861
37083
37081
289744
287585
35366
287587
136073
185237
185236
136079
173003
61710
181430
55385
51404
61348
213139
37088
81097
248466
259997
25316
286182
286181
163823
228857
231652
173044
173043
95640
74547
328448
191713
72057
191711
191717
259156
259157
328695
286367
210020
259158
255860
12769
131221
97777
196994
12761
64891
153991
224315
309326
116873
116871
121210
16473
283850
277596
173451
277840
75493
64098
64099
240907
171530
81319
81860
81861
124791
69717
124797
69711
120290
135837
42293
46931
187996
139398
158420
147928
75144
166957
166955
166953
329795
209054
204536
204537
256056
60593
204533
41925
324303
10616
162016
162014
58875
321238
58876
236383
58873
33497
176798
108974
71393
163635
108970
164943
288872
94920
17708
60627
19355
142244
281810
8327
185597
146037
146030
255675
255676
285519
285514
285517
112405
272649
62669
203164
155927
155920
203163
155922
203161
62663
62662
237389
213950
186164
213957
307891
278312
278311
307892
278315
278314
243102
137135
157875
255823
252034
301258
138849
196505
306203
15647
109553
149815
109556
252033
137390
252031
29018
78046
192998
178231
288243
71029
268940
15469
59298
153076
15463
59290
147787
288068
66636
238380
44953
288064
143206
111327
214681
229401
111452
61364
61361
133391
318499
122420
107232
299940
50538
122426
45344
221599
221598
145788
221596
47744
266724
104927
47740
218823
27158
151123
24434
318143
318636
318631
326244
318639
313853
179443
263971
81414
180387
213727
24052
239385
239382
15457
190830
93244
324170
98019
282307
35420
289536
312890
287778
282308
23855
1447
201281
256594
27167
117860
140579
247909
150520
55597
256599
256598
140573
150528
250297
246503
69369
243003
56022
36211
186908
260448
25101
80237
152966
262629
193566
82852
277100
182011
46743
42046
270450
270451
309689
45213
45210
45217
45216
45214
185450
185453
7870
218849
314009
328302
16867
97540
12156
179088
99052
193900
203572
203574
204256
57999
255985
57993
39682
137891
121158
71258
176301
54942
142036
153487
176305
247270
247276
198485
187507
287280
105498
84047
105493
243590
331705
123370
331701
123372
251968
174659
48774
233387
307932
251960
275686
152031
80903
98900
176008
49971
169708
264818
169703
164554
169871
569
44304
44305
275351
86687
243378
29956
29957
563
44309
54367
84447
217811
265909
291706
68564
164082
1188
28570
94848
268029
164774
164776
327967
287214
171554
31131
197109
147448
330070
91656
106914
91654
106916
47
42
35003
252043
252042
252040
252046
111848
30083
283685
185215
185214
185213
185212
331017
35301
35306
181907
181900
136057
136056
127270
161112
213154
44041
268175
59338
150950
27751
318827
178319
23991
20199
27287
140146
140140
140142
177227
173020
88486
279219
92652
19375
74837
74834
16679
322870
135777
214096
61197
214095
189573
12708
42456
283016
249060
98485
180366
153974
309306
55576
46483
287069
63734
46488
158140
105391
283876
283877
283870
270667
270666
270664
250355
141236
69088
312975
328461
327680
144239
124915
43502
135360
139808
42908
135368
63843
105474
281657
326000
249477
281650
75615
211318
294494
162037
270595
162031
167512
2041
11618
10630
96970
105531
265221
58676
27992
134980
134987
52735
164966
102623
36530
60646
118938
113779
121094
152731
278484
330822
330823
112428
112429
112139
272625
54772
255656
255655
112131
33215
186102
27500
175795
213972
203147
222005
213978
325055
146270
8917
198545
198011
108953
309721
138864
109533
138866
79693
138862
109535
109538
175079
191858
174221
7078
178212
178211
178210
330529
54088
142305
283273
283274
283275
218561
72636
331066
331060
243788
307219
298721
50700
189816
189810
242567
66611
319708
66613
186261
111303
245038
88819
61693
61692
88365
263190
77377
137519
77370
24412
192311
111266
139823
111265
111263
261731
43264
13723
312703
43261
43263
172542
256099
190815
93228
258125
91843
220151
19415
19416
107875
261848
116429
107873
73277
44681
326813
287797
244252
140557
104478
140552
45188
292097
140558
87594
65863
154041
81290
69344
56042
56040
56041
244079
148310
243094
148319
36233
251769
135112
74133
74131
152946
312782
105418
75843
61293
277470
161910
270438
270432
270433
270436
270435
63697
63696
63695
93917
317411
185472
328630
328636
185475
185474
173793
1503
173828
105708
281791
281790
105700
281798
10402
36949
36945
170179
9338
90076
187523
115267
319192
292490
112302
112307
75262
149046
149044
142017
21737
302634
54960
141064
45274
315483
3224
266211
315489
307915
251949
251948
243571
219146
219144
219143
49956
80963
330961
84247
211433
169852
84240
58193
182122
193964
203802
211120
263699
278129
243314
243316
3354
58335
317095
151622
151624
264373
71352
284540
44472
195454
171536
254848
327628
254843
106938
87601
256627
256624
256622
91676
67751
129085
67755
292546
83738
148081
330631
185272
330635
292545
316117
27770
195839
136030
76188
322978
279451
306431
59318
213170
105160
35141
325854
129554
325852
32494
160981
161057
112599
284836
98213
177246
282660
228455
287099
55257
55255
55926
19354
55928
19359
74852
55946
88603
6178
189557
88608
298865
171778
154672
56697
273034
153959
56690
16402
309983
239083
180383
276608
17131
141212
17130
75983
287636
270600
154450
215693
81357
270607
270609
309188
267987
322855
322856
201567
43030
46208
97666
285557
16051
135304
329751
116744
41962
223954
138668
138669
304583
4526
13451
11638
11639
297297
227106
284750
122700
227105
122708
255913
81976
153227
153221
153220
64320
259713
186215
134961
303750
250676
148503
176020
260252
125088
80554
254013
211594
272602
138089
34958
34959
34952
203125
243148
95754
18436
71355
195006
321764
317091
317093
12923
109515
138884
109517
172988
169136
301983
191836
70915
288200
288206
174756
174205
7050
159884
107606
150882
33982
285550
285553
112111
176536
112113
285559
285558
331512
193129
78004
289915
283259
111144
111142
229192
111141
331519
257706
58915
184042
86722
287952
287950
2996
68244
242548
319728
313345
271773
68939
319723
111498
144290
143241
213694
178495
178491
178490
178492
307115
310606
159413
212344
219467
151168
134865
106894
319859
79602
153754
421
142599
170057
262807
315814
77130
120102
260179
289644
185398
132476
304529
66892
44763
11357
197865
185395
127626
259857
127625
60323
60320
60327
132786
107856
107854
73291
185024
47304
110363
282347
140532
140539
65668
318186
245276
213436
308119
308118
213345
318180
150567
213438
150565
111493
270522
60494
154025
148332
253997
288998
270528
42552
161938
281805
56200
138691
161935
238693
328617
194064
45014
137538
321970
107272
297337
63673
63672
173809
105721
182552
12119
56062
17199
35219
36960
254489
37565
97860
63415
75241
149060
212906
81011
203717
141002
141001
184816
141005
184800
275644
219121
200621
255288
255289
138419
90054
315753
167309
179514
312296
275466
207012
3332
197089
112858
1496
1396
58315
112856
58310
280194
112852
48593
284566
284564
284561
284560
79031
94804
268062
284568
102188
282971
252551
147407
330035
242934
132268
106400
111801
111807
256641
298041
87620
256646
243882
243888
66428
212756
48923
150911
175961
181943
175969
239039
279434
268402
171512
73849
35124
35125
193306
267840
239556
193304
244372
266133
239008
266136
262494
115856
111771
254455
257116
257117
92615
296196
187041
187045
168587
221432
145377
145803
221436
315729
286699
196489
55278
286879
55274
55275
55277
19625
32616
294910
326550
149800
249029
263812
60865
249020
294914
266589
98627
155520
155521
46449
150004
150005
135092
305434
135096
253917
135095
184664
38965
208175
204848
312933
320614
43548
162210
26195
297100
292463
329825
280193
292468
191669
50054
294102
41948
106245
106247
106246
41941
192599
90918
90916
2083
11658
11652
11650
128545
11654
322806
134942
52776
105572
134949
256042
289060
60681
118979
185539
328286
118204
146722
185530
36577
19617
331367
155983
48102
148945
203453
211861
256096
256090
244648
301432
193881
70681
70682
70683
44595
325012
176081
210440
11908
108910
244640
255836
59143
59140
59144
12906
264425
264427
252026
176006
123985
143946
123982
111608
193990
9953
185689
255347
255346
188018
68481
149657
280051
280050
147892
111168
56688
184065
56689
284897
283503
111164
105992
174627
7789
331021
92421
123673
331022
95346
288088
66305
71883
71882
288084
56681
189851
79198
67433
273289
273280
118828
291555
56686
291552
137554
291228
28250
255752
136979
170079
108266
17889
176547
213340
79375
213431
245271
287427
155269
245273
180395
111282
89451
160531
145493
145492
89459
330779
32867
308111
32868
32869
299410
143264
214992
259879
259878
213867
259873
21589
259877
259876
144819
145635
282360
244218
107833
35480
221601
23346
28879
308134
308133
140047
82708
140514
213419
214191
214197
202907
276837
43956
55683
37080
88276
135159
166271
133765
281863
100824
261887
260689
133769
194048
194046
194040
39952
201993
63658
16378
195279
42688
63656
286480
319246
105748
182571
153050
69304
69653
270267
69659
307538
85483
152893
212920
149007
138021
48182
49620
49621
255873
75221
249799
141028
141029
56888
138537
138788
327070
81034
138784
204103
317463
86882
272928
294667
3272
87478
313518
315777
203363
36900
281803
56201
176945
54306
112873
71419
168365
122444
94753
3314
3316
186083
186080
284504
30579
251987
251986
251984
251983
331239
83880
147172
255402
112700
112702
136789
319688
330016
48717
106465
138920
106466
31041
290064
143092
180696
275447
275441
147450
83772
83774
47664
212730
212735
27739
316158
8269
283199
27734
150931
306473
63220
331497
171139
25990
288412
288410
31629
287859
174017
174544
31622
72337
213868
177931
88467
88466
144151
7572
7574
221458
9810
66442
37487
145823
187027
180036
88646
149826
249003
158035
315178
310411
315177
307702
244457
322098
161365
266158
313680
75416
65492
75418
65362
277516
204821
184643
92949
69798
154499
327669
287679
327660
31844
16169
104354
292441
322895
106267
281635
106265
294631
83780
244400
60518
135523
135521
140709
220494
220491
220490
9601
134927
134929
134928
17784
266990
124461
64363
185518
271916
185511
185513
128748
113286
185517
6068
290375
87099
41430
41437
41436
328002
10788
202879
155145
255187
236306
236307
236304
54825
176714
176715
236300
102027
295430
29098
113866
113863
125338
37240
18693
54792
63353
249587
149630
149056
243276
331553
331554
67635
331009
248292
317147
2950
317148
322560
322562
189870
47876
322569
58748
302147
264117
264446
264111
264444
76335
169174
37143
89694
89690
266818
193235
11072
313821
229663
283561
111106
283564
222397
72832
72835
30728
4091
4090
287445
81133
171728
267492
172520
228532
267365
147615
136194
66588
147610
118428
66859
185357
89479
118425
47299
185353
118420
251522
155043
132431
45253
132433
307614
189729
61678
25831
189727
143280
138095
60988
244231
60986
282383
140065
282207
135881
331643
256519
284863
65806
195603
163922
256511
256510
256512
213473
202444
292838
316953
42514
266363
266365
266364
266367
97012
186588
255962
161974
259230
166522
166523
166252
69496
281849
243425
107814
56534
154798
260343
247769
16318
277980
247760
16313
184587
325959
290342
105767
105765
124678
64179
64178
64176
186988
257937
140936
247812
80189
247811
255965
152306
80181
153178
80183
98187
75756
98189
37526
45561
204125
45562
45565
204121
276978
204128
81058
81051
81052
265180
265184
265185
317445
168167
170831
294319
98985
294642
3293
99094
203866
120822
246495
185982
185981
148480
330983
185984
36926
266657
104960
173593
112817
18207
45385
45387
20551
45380
94734
20552
38727
122465
94739
122463
179047
122461
193940
186067
143700
186060
44160
44161
275606
243048
148735
326037
59151
319669
255425
255427
112727
242391
15781
256689
15785
311471
311472
41600
311475
256683
12937
83752
83753
83757
270505
216149
290525
288383
275939
278184
256574
133283
263677
296252
316176
326107
169346
195854
185264
1275
8242
8793
283173
8797
267802
29663
174033
263587
73808
73807
326465
73803
325520
328802
174529
287879
193667
330561
287870
287873
31606
10203
299765
104929
259420
239514
97510
119121
184212
184213
283717
35830
9838
280191
44838
35835
133938
180058
7591
257155
212716
151794
284567
255880
142898
255885
127414
127416
142890
214010
100783
315150
273099
273098
69802
273094
273096
273093
287381
64184
4136
287385
262181
256084
9219
35225
150955
112576
98378
281439
56188
145266
35527
282445
284569
287120
145261
287129
148137
255357
274433
185168
55980
55604
255600
58025
294346
96005
255602
56764
98510
90952
244176
244177
309293
309295
124194
309297
140728
135508
135057
140722
140725
140726
64340
154217
64343
203676
134901
134906
185572
111528
146766
111529
280220
185578
186206
25220
117236
286523
12604
85583
196943
323031
294414
326519
329733
203412
193844
270350
193841
134014
193843
328028
257818
54803
152420
71335
71333
227095
105201
227161
236324
236327
125006
45223
125310
122078
9052
123193
149616
329199
49817
211280
62805
211288
255300
68192
68197
255306
184029
243706
331572
331575
184024
271799
60149
302124
275030
271794
265848
275037
275036
1042
1040
68222
299066
68220
68998
189890
217976
79150
27732
79155
268122
174194
135876
77993
137590
280366
89679
291590
258651
18018
151490
108512
256143
62025
106839
289975
183249
229643
183247
289979
229645
171742
171746
282633
282632
118409
147636
132419
160570
118404
182892
118406
213674
61617
91595
272267
151949
145675
195622
140002
256533
140004
253010
140008
300400
279543
266696
213452
284842
87518
105841
87514
87512
308175
77193
270445
279337
171810
143255
273137
175967
166500
196021
255945
166504
255942
10868
175965
154777
154770
16333
19503
19500
236400
12722
236406
154083
141358
184567
184560
169750
307578
69610
2365
69617
135266
18181
135262
162427
79938
81075
4682
185930
138213
12540
90561
327037
265616
294629
106012
83698
62566
122661
20799
260394
102251
143934
90742
60703
185969
118388
185965
118386
118385
185960
112299
33622
104946
112294
280174
104942
122409
20571
239625
122401
122403
274689
274688
186048
248085
248082
80302
254794
146513
275620
195507
316372
195505
85827
41669
167813
290051
203335
290058
41665
243390
107761
243397
291903
18225
269756
18221
291905
288365
256026
275484
275487
8220
8227
169416
670
194701
174504
161033
289227
47447
148806
142459
143324
318591
72372
259912
173087
72374
78957
9851
243937
107371
243931
13554
228189
312750
52782
196496
170193
119161
261967
307743
69861
267758
73681
307748
77502
89086
160904
160905
201652
89132
170375
107993
177354
279811
114035
287101
287103
312996
287106
282467
114039
96023
132602
104318
150202
82485
61131
259868
106222
69289
244111
25790
7551
195090
121878
12620
98356
75902
145801
135075
186341
45488
45489
99337
221611
45482
204683
154235
45486
45487
74365
25249
74363
254097
74361
74360
185554
185556
185557
330880
188871
74369
74368
195558
42707
42258
195553
97373
293428
326538
294437
105043
326531
10073
70627
243675
290334
314698
314693
191642
191645
33102
219344
33100
243679
176758
176759
33104
173509
265280
212868
247137
105269
84164
62954
105595
227180
107682
252010
113353
22284
123921
102064
10292
135924
139973
152172
139979
46828
121692
294291
294294
75010
252017
284602
138552
138558
209108
44463
257788
44465
2917
120760
58707
54283
160122
58700
317100
317107
79131
208478
79136
104881
243819
4329
71714
204546
258639
14598
280346
4621
280342
62049
256161
17868
20213
268365
20211
17862
87313
79681
289991
185312
212690
212691
66819
283143
132169
299472
169069
326336
186560
318902
196453
306357
155000
109487
109485
267103
267101
267106
156076
308127
325972
244572
217001
275198
188094
276547
82010
82012
140020
62624
206113
145476
35753
94894
35755
95909
92595
92596
92590
73166
73167
292292
12622
111504
111502
61094
127599
255929
273111
273113
273118
255927
255926
145654
145659
63948
19529
277941
247724
19526
214209
318012
214203
69631
69630
141372
307558
307559
69639
70675
43932
43397
28904
43420
43937
266766
295714
161861
28902
212988
46341
321330
315425
324207
261395
141185
261396
135149
222598
162445
289200
320047
81094
192619
308773
4662
96765
104500
57628
292123
43643
235732
57622
96834
105679
326816
166209
81893
141883
246456
246980
36471
287266
168276
143950
6834
186367
167383
210581
152346
196669
62724
227478
122429
122428
87338
143838
34835
87332
34832
7255
7256
7250
7251
297958
139010
310814
15747
41644
138946
138944
331599
13180
316352
83795
129067
290076
167837
108356
167833
278499
107744
33643
112504
176927
71472
168384
15523
59442
8754
8755
76432
109812
95020
325562
39416
146822
206325
174078
307311
317599
271451
255464
149422
37129
37124
37125
37126
37127
147480
255469
226627
273320
111267
34692
143305
318572
34164
144461
137410
44872
331653
243915
243914
243912
243910
204676
108148
24510
10982
169387
23159
72173
313136
148618
69841
73563
69846
307764
28177
28175
197239
197231
55141
221566
221567
221564
221561
285142
115979
43090
96599
148170
18731
213004
214050
61404
82464
244133
283441
309251
153753
30641
125714
283115
259395
78986
311194
82209
150081
65386
201854
257426
251599
251595
74386
297721
74380
62938
149222
88000
117274
257420
105061
105065
326557
326556
227357
325099
10056
10727
155155
247111
247117
247116
247115
125680
113190
54848
150300
75382
236369
255127
33120
149161
54846
198275
153289
141412
309358
271200
44267
9097
44262
58096
135903
226105
46805
147810
139955
139953
147819
324415
68158
213540
255696
167445
203188
167443
203184
203185
270269
270268
138536
203181
167448
86788
317125
108774
168716
317122
321122
217938
285868
112784
11893
268162
79117
255482
118209
229203
102041
102040
37144
185537
118338
18723
18722
185532
47994
185328
233388
17807
22417
280320
185531
175063
81006
20238
175066
256101
300579
83674
22143
47984
118448
182910
147674
66833
185331
185332
316655
306371
138793
97957
97956
161679
97954
161676
97959
59057
263402
29166
140134
129215
175893
136288
266655
66740
266656
154171
34576
109601
326031
213493
69271
213491
284803
296714
213499
111699
105807
288660
256095
50437
171783
286775
19093
22690
259708
255901
144324
255906
182645
144329
259703
259705
154886
273179
310554
69438
273170
273171
52876
273174
43287
244838
244831
183747
19542
19543
70684
318037
184529
282094
2326
4700
172496
81527
209462
266384
266382
104292
75358
165369
34836
65592
135225
46327
249719
116318
116316
183992
170154
183990
60291
183996
183994
167632
57609
220552
29173
85967
52657
246473
209221
246471
186346
60745
113
124747
124748
310495
281885
185690
254420
301277
185698
300004
125166
105147
20533
256376
189097
319390
186009
83801
186000
186007
44672
7270
54519
251367
133777
133778
325130
248047
139038
196662
149410
196660
196661
6837
196665
223393
264294
29310
10550
265401
288325
58872
247301
63218
171207
8826
112568
54383
115784
59935
184181
264741
283117
184182
283443
283114
307845
307842
202393
95007
251819
146801
275199
226643
292540
315161
271437
68366
142368
68365
142490
142363
37140
112786
37146
37147
68368
37145
38594
310761
111200
331679
310768
35890
44897
44894
44893
280795
280799
234890
234892
104933
164174
170150
313150
239862
267713
263212
87381
122728
282792
282241
197218
207476
254996
272168
34146
34145
34144
34141
282643
48586
