1
2
3
4
5
6
7
8
9
11
12
13
14
15
16
17
18
20
21
22
24
26
27
29
30
31
32
33
28
35
36
37
38
39
40
41
10
42
44
46
47
48
49
50
51
52
53
58
59
60
61
63
64
65
67
68
69
72
73
76
19
79
80
81
82
83
84
85
86
87
88
89
90
92
93
96
98
99
100
102
103
104
56
108
109
110
111
112
101
113
114
115
116
117
118
119
120
121
122
123
124
125
126
127
128
129
107
130
131
132
133
134
137
138
71
140
141
70
142
143
145
146
148
149
150
151
152
153
154
74
156
25
159
161
162
163
164
165
166
167
168
169
170
171
172
173
174
175
176
177
178
179
180
181
182
183
184
185
186
187
189
191
190
192
193
196
197
198
200
202
203
204
205
207
208
210
212
213
218
219
220
221
222
136
224
223
225
226
227
57
228
229
230
231
232
233
234
236
238
239
240
241
243
244
245
247
248
249
250
77
252
254
255
256
257
258
259
260
261
263
264
265
266
267
269
270
271
273
274
276
277
278
280
281
282
284
285
139
286
288
289
290
291
292
293
295
297
298
299
300
302
303
304
305
307
309
310
312
313
315
316
317
318
319
320
321
322
323
326
327
328
329
330
331
332
334
335
336
337
339
75
340
341
342
343
344
345
346
347
348
349
350
352
353
354
355
356
357
358
360
361
362
363
364
365
367
368
369
370
372
373
374
375
377
378
379
380
381
382
383
384
385
386
387
389
390
391
393
395
396
398
399
401
402
405
407
408
409
410
411
412
413
414
415
416
417
418
420
421
422
423
424
426
429
430
431
432
433
434
435
436
438
439
441
443
283
445
446
447
448
449
450
451
452
453
454
455
457
460
461
462
463
464
465
466
467
468
469
470
471
472
473
474
475
476
477
478
479
480
482
483
91
484
485
486
487
488
489
490
491
492
494
495
496
497
500
501
503
504
505
506
508
509
510
511
512
516
517
519
520
521
66
524
525
526
527
528
529
530
533
534
535
536
537
538
539
540
541
542
543
544
546
547
548
549
550
551
552
554
555
556
557
558
559
560
561
562
563
564
566
567
568
569
570
571
572
573
575
576
577
578
579
580
583
157
584
585
586
587
588
589
591
592
596
598
599
600
601
602
604
605
606
607
609
610
611
612
614
616
617
618
619
620
621
622
623
624
625
627
628
629
630
631
95
632
633
634
635
637
638
639
641
642
643
644
645
650
651
652
653
654
655
656
657
106
658
660
661
662
663
666
668
669
671
672
673
674
675
676
677
678
155
679
680
681
682
683
684
685
687
688
690
691
694
695
696
697
698
699
700
701
702
704
705
706
707
708
710
712
713
716
717
718
720
43
721
722
723
724
725
726
727
728
729
55
731
732
733
54
734
735
736
737
739
740
741
742
743
744
745
746
748
749
750
751
753
754
755
758
759
760
761
762
764
765
766
767
769
770
771
772
773
774
45
775
776
777
778
779
781
782
783
784
785
786
787
788
789
791
792
793
794
795
797
798
796
799
800
802
804
805
158
807
808
809
810
811
812
813
815
816
817
818
821
822
823
824
825
820
826
828
829
144
831
832
62
833
835
836
837
838
841
842
843
844
845
846
847
848
850
851
853
857
858
859
860
147
861
863
864
865
866
867
868
869
872
873
874
875
876
879
881
883
884
885
886
887
94
888
890
891
892
893
894
896
897
898
899
900
901
902
903
904
905
906
907
908
909
910
912
913
918
919
920
921
922
923
924
925
926
927
928
929
930
931
932
933
934
935
936
937
938
939
942
943
944
945
946
947
23
948
949
950
951
953
954
955
956
957
959
960
962
963
964
965
966
967
969
970
971
973
975
976
978
979
980
981
982
983
985
986
987
988
989
990
991
992
993
994
995
997
998
999
1001
1002
34
1004
1005
1006
1007
1008
1009
1010
1012
1013
1014
1015
1016
1017
1018
1019
1021
1022
1023
1024
1025
1026
1027
1029
1031
1032
1033
1034
1035
1036
1038
768
1039
1040
1041
1042
1045
1044
1046
1048
1050
1051
1056
1057
1054
1058
1059
1049
1053
1052
1060
1062
1063
801
803
1066
1067
1068
1069
1070
1071
1075
1074
1076
814
1077
1078
1079
1080
819
1081
1082
1083
827
1086
1087
1088
830
1089
1090
1092
1093
1094
1095
849
1097
1098
1100
1096
1099
1101
1102
1103
1104
1105
1108
1106
1110
862
855
1113
1114
1116
1117
1112
1107
1121
1109
1123
1125
870
1127
1128
1129
1130
882
1133
1135
1137
1136
1138
1140
1143
1144
1145
1146
889
1139
1147
1142
1148
895
1149
1150
1141
1151
1153
1152
1154
1155
1156
1158
1159
1160
914
1162
1163
911
915
1165
1161
1166
1164
1167
1170
1171
1173
1174
1176
1178
1183
1175
1172
1184
1186
1187
1190
1191
1192
941
1194
1197
1198
1199
940
1200
1195
1202
1203
1204
1205
1206
1207
1209
1210
1208
1213
1212
1215
1216
1218
1219
1220
1223
1224
972
974
1227
1228
1229
1230
984
1231
1232
1233
1234
1235
1236
1237
1238
1239
1240
1241
996
1242
1245
1247
1248
1249
1250
1251
1253
1254
1255
1256
1252
1257
1258
1028
1260
1262
1264
1266
1267
1268
1269
1272
1273
1274
1276
1277
1279
1280
1281
1283
1284
1270
1285
1286
1289
719
1290
1287
1291
1293
1294
1295
1297
97
1298
1299
1301
1304
1305
1306
1307
1308
1303
1309
1310
1312
1313
1315
1317
1318
1319
1321
1322
1325
1326
1328
1329
1330
1332
1334
1335
1337
1338
194
1339
1340
1342
1343
1344
1345
1346
1347
199
1349
1350
1352
1353
1354
201
1355
1356
1357
1358
1359
206
1360
1361
1363
1364
1365
1366
211
1072
1369
1370
214
215
217
1372
1374
1375
1377
1378
1379
1381
1382
1383
1384
1385
1387
1386
1388
1389
1390
1391
1393
1394
1395
1396
1397
1399
1400
1401
1402
1404
1405
1403
1407
1282
251
253
1410
1409
1412
1414
1413
1415
1417
1418
1419
1420
1421
1423
1424
1428
1430
1431
1432
1434
1435
1436
1439
1441
1443
1442
268
1445
1446
1447
1448
1449
419
1451
1452
1453
1454
1457
1459
1460
1462
1463
1464
1465
1466
1468
1470
1472
1473
1474
1475
287
1476
1477
1478
1480
1482
294
1484
1485
1487
425
1489
1490
1491
1492
1493
1494
1495
1496
301
1498
1499
308
1500
1501
311
1502
1504
314
1505
1506
1507
1508
1510
1511
324
1512
1514
1513
1515
1516
325
427
1520
1522
1523
1524
1525
1526
1527
1528
1529
1532
1531
428
1533
1535
1536
1537
1538
1539
1541
1542
1543
1544
1545
531
1546
1547
1548
1550
532
1551
1552
1553
763
1554
1555
1556
1557
1559
1561
1560
1562
1566
1567
1569
1570
1571
1572
1573
1574
1575
1288
1576
1578
1577
574
1579
1581
1582
1583
1585
1586
1587
1589
1590
1596
1592
1597
1598
1599
1600
1593
1601
1591
581
1602
1603
1594
1604
597
1606
1610
1611
1608
1612
1614
1616
1617
1619
1620
1622
1623
1624
1621
1625
1626
1628
1629
1634
1635
1636
1637
636
647
1638
1639
1640
646
1641
1642
1645
1646
1644
1643
1649
1651
1652
664
667
1647
1648
1654
1656
1657
1659
1660
1661
1662
1664
1665
1663
1668
1670
689
1671
1673
1674
1675
1676
1677
1678
1679
1680
1681
711
715
1682
1316
1683
1684
1685
1686
1687
1688
1689
1690
1691
1693
1694
1692
1696
738
1697
1698
1699
1700
1701
1702
1703
1704
1705
757
1707
1708
1710
1711
1712
1706
1713
1715
1716
1719
1721
1722
1723
1724
1725
1726
1728
1729
388
1730
1731
1732
1733
1734
1736
392
394
1739
1740
1743
1744
1745
406
1746
1748
1749
1750
1752
1753
1755
1756
1758
1759
1761
1762
1763
437
1764
1765
1767
440
1769
1770
1771
1772
1774
1775
1776
1777
444
1779
1780
1781
1302
1783
1784
1785
1786
456
1788
1789
1790
1792
1793
1794
1795
1796
1797
1799
1800
1803
1802
1804
1807
1808
1806
1809
1810
1811
1813
1814
1816
481
1819
1820
1821
1822
1823
1824
1825
1826
1828
1829
1830
1831
1832
1834
1835
1837
1838
1840
1841
1843
1844
498
1845
1846
1850
1851
1854
507
1855
513
514
1857
523
1858
1859
1408
1860
1861
1862
1863
1865
1866
1867
1868
1869
1870
1871
1872
1873
1874
1875
1876
1877
1878
1879
1880
1881
1882
1883
1884
1885
1886
565
1888
1889
1890
1891
1893
1584
1894
1895
1896
1897
1898
1899
1900
1901
1902
1903
1905
1906
594
593
595
1605
603
1907
1908
1909
1910
1911
1912
1913
1914
1915
1916
1917
613
615
1618
1919
1920
1921
1922
1923
1925
1632
1926
1927
1929
1931
1633
1932
1933
1936
1937
1938
1940
648
1941
1942
1943
1944
1945
1947
1948
1949
1950
1951
1952
1953
686
1954
1955
1956
1957
1958
1959
1960
703
1962
1965
1967
1968
1969
1970
714
1971
1973
1974
1975
1976
1695
1977
1978
1979
1981
1982
1983
1984
1985
1986
1987
1988
1989
1292
1991
1993
1994
1995
1996
1709
1999
2000
2002
2003
2004
2005
135
2006
780
2007
2008
2009
1055
790
2010
2011
2012
2013
1065
2014
2016
2018
2019
2021
806
2022
2024
2025
2026
1085
2027
2029
2030
2031
2033
2034
2035
2036
2037
2038
2039
854
2040
2041
2042
2043
2044
2046
2045
2047
2051
2052
2053
2055
2056
2057
2058
871
2059
880
2060
1131
2063
2064
2065
2066
2067
2070
2072
2073
2074
2075
2077
2078
2079
2080
2082
2084
2085
1169
916
1180
2088
2089
2092
2093
2094
2095
2096
2097
2098
2099
2101
2104
2105
1217
2106
1221
1222
2107
968
2109
2110
977
2111
2113
1182
2114
2115
2116
2117
2118
2121
2119
1754
1351
2123
1244
338
2071
2124
2126
2127
1243
2128
2129
1259
2130
1020
2131
2132
2133
2134
2135
2136
2137
2138
2140
2141
1398
1271
2142
1314
2144
2145
2139
2147
2148
2146
2150
2152
2153
2154
2015
2155
2156
2158
2159
2160
2161
2162
1392
1362
2163
2164
2165
2167
1336
1348
1324
2171
1371
2172
2173
235
2174
2175
2176
2177
2178
2179
2181
2182
2183
1461
2186
2187
1440
2189
2190
2191
2192
2193
1406
2194
2196
2198
1437
2200
2201
2202
2203
2204
1427
2207
2208
2211
2212
2214
1327
2215
2216
1429
2220
2221
2222
2223
1768
2224
2225
242
2226
2227
2228
2229
2230
2231
2233
1488
2234
2235
397
1521
2237
2238
2239
1481
2240
2241
404
2242
2243
1530
2244
2168
2246
2247
2248
2250
2251
2252
2253
1275
2254
2256
2257
333
2260
359
2261
1717
515
2262
2263
1757
2264
1818
2265
2267
2268
1766
1773
2270
2271
2275
1864
2276
2277
2278
493
1836
2281
522
376
2283
2285
2286
2287
2288
2289
2290
2291
2292
2293
2294
1853
2295
2296
1782
1892
2297
2299
2300
2301
2303
2304
2305
2306
2307
2309
2310
458
2311
2312
2313
2314
2315
2316
1565
2317
2318
2319
2320
2321
1847
499
2323
1563
2324
2325
2326
2327
2328
2329
2331
2332
2334
2336
2337
2338
2339
2340
2342
2343
1849
2345
2346
2347
2348
1613
2350
2349
553
2352
1918
2353
2354
2355
2356
2357
1856
1609
2361
2362
2363
2364
2365
2366
2367
2368
2369
2370
2371
1934
2374
2375
1935
2377
2378
2379
1714
2382
1924
1992
2383
2384
692
2385
1946
2386
1630
1607
2387
2388
1964
649
2389
2390
2391
730
1124
2395
2396
1961
2398
2399
2400
2401
2402
2404
2143
2405
1047
2407
2408
2409
2411
2412
2413
2415
2416
2417
1966
2419
2420
2421
2422
2424
2425
2426
2427
2428
2430
2431
1111
2432
2433
834
2435
917
2436
2437
2438
2439
2441
2090
2442
2443
1990
2023
2445
1064
2447
2448
2449
2450
2102
2451
2452
2453
2454
2456
2457
1011
2458
2062
2459
1118
2462
2465
2466
2467
2468
1185
2469
2470
2471
2472
2473
1177
2474
2475
2091
2476
2477
2479
1214
2480
2481
2482
1030
2108
2483
2484
2485
2086
2486
2487
2488
1261
2489
2490
1509
1320
1333
2493
2494
2495
2496
2497
2498
2500
2122
216
2501
2503
1278
2504
2199
2505
2506
1416
1433
2188
2507
1456
2508
2510
2509
2512
2513
2514
2515
2516
1479
2518
2519
2210
2520
2521
2522
2523
1265
2524
2525
2526
2527
2528
2529
2492
2392
2530
2001
2533
2534
1073
2535
2536
839
2049
852
1296
1115
1157
1168
1367
2541
2542
1380
2544
1503
2546
1226
2548
2549
1735
1741
2551
1751
2552
1246
2125
459
2555
1815
2556
2557
1568
2558
2559
1595
2560
2561
1631
2562
1655
2397
2564
2565
2566
2567
2410
2569
2570
2571
2572
2573
2574
2575
2577
2578
2579
2580
2461
2581
2582
2584
2585
272
2491
2586
2587
2588
2589
1225
237
2591
2592
2593
2594
2595
2596
2597
2333
2598
2599
2272
2600
2603
78
1997
2606
2608
2609
2610
1469
2614
2615
2617
2618
2284
1801
2620
2622
2624
2625
2626
2627
2630
1134
2632
2636
2637
2540
2180
2641
2642
1376
2644
2645
2646
2647
2649
2650
2651
2652
2269
2653
2654
2655
2656
1778
2657
2658
2659
2661
2662
1615
2665
2666
2635
2667
2032
2669
2670
856
1132
1201
1189
2671
2672
2673
2674
2604
2623
2675
2676
2677
2678
2028
2081
1120
2681
1963
2648
2682
403
2197
2684
2685
2688
160
2689
2502
2690
1425
1549
2691
2692
296
2694
1519
366
2259
2697
2698
1791
2279
2702
2703
2704
2705
2707
2708
2709
1928
2710
2711
665
2712
1666
2713
2715
2718
2393
1061
2020
1084
2723
2724
2725
2727
1126
2607
2539
2083
2728
2729
2100
2730
2731
2732
2733
2734
2736
2737
2738
2739
1534
2249
2740
1737
1738
1747
2741
2743
2744
2745
2746
1787
2643
2322
2749
2748
2750
2751
1311
1658
2752
2753
2754
2755
2157
2756
2757
1323
2758
2166
2759
2760
1331
2236
2761
2762
2763
2764
2765
188
2766
2768
1341
195
2767
2169
2769
2770
2499
2771
2772
2773
2774
2170
2775
2776
2777
2778
2779
105
2780
209
2781
2782
2783
1368
2611
2686
2784
2185
2687
1373
2785
2786
2787
2788
2789
2790
2791
2792
2793
2794
2795
2796
2797
2798
2799
2800
2801
2802
2803
2805
2804
2806
246
2807
2808
2809
2810
2811
1411
2812
2813
2815
2814
2817
2818
2819
2816
2820
2821
1422
2543
1426
262
2822
2823
1438
2195
2824
2825
1444
2826
2245
1450
2827
2828
2829
2830
275
2831
2832
1455
2833
1458
2834
279
2835
2836
2837
2838
2839
2517
2840
1471
1467
2184
2511
2205
2841
2842
2612
2613
2844
2845
2843
2846
2545
1483
2847
2209
2639
2848
2693
2849
2206
2850
2851
2852
2853
1486
2854
2855
2856
2857
2858
2859
2218
371
1720
2861
2860
306
2862
2863
2232
2616
2640
1497
2695
2864
2865
2866
2867
2868
2869
2870
2871
2872
2873
2874
2875
2876
1517
2877
2878
2308
2879
1518
2880
2881
2882
2213
2883
2885
2884
2886
2887
2888
2889
2890
2891
2892
2893
2547
2217
2894
2219
2895
351
2896
2897
2899
2898
2900
1540
2901
2902
2255
2903
2258
2904
2905
1718
2906
2907
1300
2908
2909
2910
2683
2911
2912
2638
1727
2913
2914
2915
2916
2550
2918
1742
400
2919
2920
2921
2742
2922
2923
2924
2696
2925
2926
2927
2928
1760
2929
2930
2931
2932
2933
2934
2935
2330
2936
2937
442
2938
2939
2940
2941
2942
2943
2944
2274
2945
2946
2302
2947
2948
2949
1842
2335
2950
2951
2952
2634
2953
2954
2955
2956
2957
2958
2959
1798
2960
2961
2273
2962
2963
1805
2280
2964
2965
2282
2966
2968
2967
2969
2298
2971
2970
2699
2972
1812
2973
2700
2974
2975
2976
2977
2266
2978
2979
1817
2980
2981
2619
2982
2983
1827
2984
2985
2986
2747
2987
2988
2989
2990
1833
2991
2992
2993
2994
1839
1848
2660
2112
2701
1852
502
2995
2996
2997
518
2999
2998
3000
3001
2621
3002
3003
3004
3005
3006
3007
3008
3009
3010
3011
3012
3013
545
3014
3015
3016
3017
1558
3018
3019
3020
3021
3022
3023
1564
3024
3025
2706
3026
1887
3027
3028
2372
3029
3031
3030
3032
590
3034
3035
3036
3033
3037
1580
3039
3038
3040
3041
3042
3043
3044
3045
3046
3047
3048
3049
1627
3050
3051
3052
3053
2341
1588
582
3054
3055
3056
2358
1904
2359
3057
3059
3058
3061
3060
3062
1653
3063
3065
3066
2714
2917
3069
3070
3071
3072
3074
3075
3076
2381
3077
3068
2721
3080
3081
3082
3083
3085
3086
3087
2380
3088
3090
3093
640
2563
3094
693
2601
3095
3096
3097
3098
3099
1091
3100
1119
3102
3103
3104
3091
3106
1669
2423
3107
3108
3109
3110
3111
2720
626
2628
3073
3114
2446
3115
3116
1181
3119
3121
3122
3123
3124
2664
3125
1939
3126
3127
3128
2568
3129
3130
3131
840
3132
3133
3134
2069
3137
3138
3140
3141
2735
3143
659
2360
3144
3145
3146
2344
3147
3148
608
3113
3064
2149
2351
3149
3150
2663
3151
3152
3153
3154
1930
3155
3120
3156
1650
3157
3158
3159
670
3160
3161
3162
1667
3163
3164
3165
3166
3167
3168
3169
3170
2376
1672
2602
3171
3172
3173
3174
2403
3175
3177
3179
3176
3178
3180
3181
3182
3183
3185
3184
3186
3187
1037
709
3188
2629
1972
3189
3191
3190
2394
3192
3067
2716
3194
3195
3193
2605
1980
3196
3197
747
3198
3199
3200
752
3201
3202
3203
3204
3205
756
2717
2633
3206
1998
3207
3208
3209
3210
3211
3212
3213
2373
3214
3215
1043
3216
2414
3217
2440
2532
2531
3218
3219
3220
2631
3221
3222
3223
2719
3224
2444
3225
3078
2590
3227
3226
3228
3229
3230
3231
2680
3232
2017
2418
3233
3079
2722
3234
3235
961
1211
952
3237
3238
3084
3240
3239
2151
3236
3241
958
3242
3243
3105
2668
3244
3245
3246
3247
3248
3250
3251
3249
3252
3253
3254
3255
3256
3257
3258
3259
3089
3260
3261
2463
2464
3262
3263
2537
3264
3265
3267
3266
1122
3268
3269
3270
3101
3271
2726
2679
3272
2406
3273
3274
2050
2538
2576
3275
2048
3276
3277
3278
3279
2054
3280
3281
878
877
3283
3282
3285
3284
3286
3287
3288
2061
3289
3290
3139
3291
3292
3112
2068
3293
3294
2429
2076
3295
3296
3297
3298
3299
3135
3300
2434
3301
3302
3303
2087
1179
1188
3304
3136
3305
3306
3307
3308
1193
1196
3309
2478
3310
3311
3312
3313
3314
2103
2460
3315
3316
3317
3117
3318
3319
3320
3321
3322
2455
3092
3323
2120
3324
3118
2583
2553
2554
3325
1000
1003
3326
3327
3328
3329
3330
3331
3332
3333
3142
3334
3335
3336
1263
